time	V(n001)
0.000000000000000e+000	0.000000e+000
9.765624975344167e-010	1.861457e-020
1.953124995068833e-009	9.932673e-020
1.324180640442236e-005	-3.233167e-012
2.648165968384965e-005	1.263324e-011
3.972151296327695e-005	4.759922e-011
5.296136624270424e-005	1.016648e-010
6.620121952213154e-005	1.748299e-010
7.944107280155882e-005	2.670946e-010
9.268092608098608e-005	3.784588e-010
1.109156187803765e-004	6.747057e-010
1.276217441675093e-004	1.172419e-009
1.427763003229650e-004	2.000670e-009
1.569422250900673e-004	3.405202e-009
1.703104208656109e-004	5.778007e-009
1.832098439626874e-004	9.826016e-009
1.957480527411963e-004	1.671679e-008
2.080818520719758e-004	2.850329e-008
2.202566880628704e-004	4.863499e-008
2.323447678468341e-004	8.310089e-008
2.443635835657129e-004	1.420542e-007
2.563465763069552e-004	2.430089e-007
2.682999788345124e-004	4.157964e-007
2.802394437584757e-004	7.116990e-007
2.921669414004374e-004	1.218284e-006
3.040899371649738e-004	2.085813e-006
3.160090169453227e-004	3.571201e-006
3.279280196884329e-004	6.114869e-006
3.398474536330537e-004	1.047036e-005
3.517700068469967e-004	1.792872e-005
3.636972408029118e-004	3.069949e-005
3.756329108437863e-004	5.256671e-005
3.875818930016249e-004	9.000635e-005
3.995531438158048e-004	1.541032e-004
4.115611585940205e-004	2.638193e-004
4.236310032128879e-004	4.515864e-004
4.358048962870527e-004	7.728565e-004
4.481545774830777e-004	1.322533e-003
4.608007203339670e-004	2.263651e-003
4.739454041715367e-004	3.879730e-003
4.879248169566830e-004	6.674314e-003
5.032626700138118e-004	1.156778e-002
5.209576422230668e-004	2.040152e-002
5.427518559209560e-004	3.713749e-002
5.724864358983355e-004	7.024904e-002
6.033411488491273e-004	1.173236e-001
6.430188777581048e-004	1.959872e-001
6.992447300045901e-004	3.326297e-001
7.782932917080764e-004	5.550955e-001
8.718889518280658e-004	8.434922e-001
9.634369002056491e-004	1.139254e+000
1.061093150205649e-003	1.461030e+000
1.256405650205649e-003	2.108029e+000
1.549374400205650e-003	3.078810e+000
1.842343150205650e-003	4.027887e+000
2.135311900205651e-003	4.955260e+000
2.428280650205651e-003	5.860929e+000
2.721249400205651e-003	6.744894e+000
3.014218150205652e-003	7.607155e+000
3.307186900205651e-003	8.447712e+000
3.725713685919936e-003	9.598413e+000
4.144240471634221e-003	1.066430e+001
4.562767257348506e-003	1.164538e+001
4.981294043062790e-003	1.254165e+001
5.399820828777075e-003	1.335310e+001
5.818347614491360e-003	1.407974e+001
6.236874400205644e-003	1.472157e+001
6.432186900205643e-003	1.498126e+001
6.627499400205642e-003	1.521856e+001
6.822811900205642e-003	1.543347e+001
7.018124400205641e-003	1.562600e+001
7.213436900205640e-003	1.579614e+001
7.408749400205640e-003	1.594389e+001
7.604061900205639e-003	1.606926e+001
7.897030650205639e-003	1.621625e+001
8.092343150205638e-003	1.628789e+001
8.189999400205638e-003	1.631622e+001
8.287655650205637e-003	1.633983e+001
8.385311900205637e-003	1.635900e+001
8.482968150205637e-003	1.637404e+001
8.580624400205636e-003	1.638535e+001
8.678280650205636e-003	1.639340e+001
8.775936900205636e-003	1.639869e+001
8.873593150205635e-003	1.640177e+001
8.971249400205635e-003	1.640316e+001
9.068905650205635e-003	1.640334e+001
9.166561900205634e-003	1.640275e+001
9.234144191280170e-003	1.640203e+001
9.294323025143636e-003	1.640123e+001
9.350234017067641e-003	1.640040e+001
9.402289639446860e-003	1.639960e+001
9.451237779428471e-003	1.639881e+001
9.497608761482170e-003	1.639805e+001
9.546689017879672e-003	1.639723e+001
9.590896265099583e-003	1.639649e+001
9.633512704750340e-003	1.639577e+001
9.674221346244559e-003	1.639509e+001
9.713648691993201e-003	1.639442e+001
9.751835684557918e-003	1.639377e+001
9.789085657499707e-003	1.639314e+001
9.825617238404156e-003	1.639252e+001
9.861696985738843e-003	1.639191e+001
9.897640876058983e-003	1.639130e+001
9.934380360541043e-003	1.639067e+001
9.974373681084852e-003	1.638999e+001
1.002319934609265e-002	1.638916e+001
1.008074352495003e-002	1.638819e+001
1.015533227660097e-002	1.638692e+001
1.025298852660097e-002	1.638526e+001
1.035064477660097e-002	1.638360e+001
1.044830102660097e-002	1.638195e+001
1.054595727660097e-002	1.638029e+001
1.064361352660097e-002	1.637863e+001
1.074126977660097e-002	1.637697e+001
1.083892602660097e-002	1.637532e+001
1.093658227660097e-002	1.637366e+001
1.103423852660097e-002	1.637200e+001
1.113189477660097e-002	1.637035e+001
1.122955102660097e-002	1.636869e+001
1.142486352660097e-002	1.636538e+001
1.162017602660097e-002	1.636206e+001
1.181548852660097e-002	1.635875e+001
1.210845727660097e-002	1.635379e+001
1.240142602660097e-002	1.634882e+001
1.273624745517239e-002	1.634315e+001
1.307106888374382e-002	1.633748e+001
1.340589031231525e-002	1.633181e+001
1.374071174088668e-002	1.632615e+001
1.407553316945810e-002	1.632049e+001
1.441035459802953e-002	1.631482e+001
1.474517602660096e-002	1.630916e+001
1.519160459802953e-002	1.630162e+001
1.563803316945811e-002	1.629408e+001
1.608446174088669e-002	1.628654e+001
1.653089031231526e-002	1.627901e+001
1.697731888374384e-002	1.627148e+001
1.742374745517241e-002	1.626396e+001
1.787017602660099e-002	1.625644e+001
1.823289924088671e-002	1.625033e+001
1.859562245517243e-002	1.624422e+001
1.895834566945815e-002	1.623811e+001
1.932106888374387e-002	1.623201e+001
1.968379209802958e-002	1.622591e+001
2.004651531231530e-002	1.621981e+001
2.040923852660102e-002	1.621372e+001
2.064640370517246e-002	1.620973e+001
2.088356888374389e-002	1.620575e+001
2.112073406231532e-002	1.620177e+001
2.135789924088675e-002	1.619779e+001
2.159506441945818e-002	1.619381e+001
2.183222959802961e-002	1.618983e+001
2.206939477660105e-002	1.618585e+001
2.216705102660105e-002	1.618421e+001
2.226470727660105e-002	1.618257e+001
2.236236352660105e-002	1.618093e+001
2.246001977660105e-002	1.617930e+001
2.255767602660105e-002	1.617766e+001
2.265533227660106e-002	1.617602e+001
2.275298852660106e-002	1.617439e+001
2.285064477660106e-002	1.617275e+001
2.294830102660106e-002	1.617111e+001
2.304595727660106e-002	1.616948e+001
2.310652765182560e-002	1.616846e+001
2.315528474925886e-002	1.616764e+001
2.319869876409447e-002	1.616692e+001
2.324022448113648e-002	1.616622e+001
2.328395930332033e-002	1.616549e+001
2.332462428475398e-002	1.616481e+001
2.336573163212142e-002	1.616412e+001
2.340654618803712e-002	1.616344e+001
2.344788828849528e-002	1.616275e+001
2.348992976930964e-002	1.616206e+001
2.353291821287525e-002	1.616135e+001
2.357705397349728e-002	1.616064e+001
2.362252456194604e-002	1.615992e+001
2.366954522701454e-002	1.615922e+001
2.371837538589144e-002	1.615854e+001
2.376936837336251e-002	1.615795e+001
2.382304651327914e-002	1.615752e+001
2.388025734963012e-002	1.615744e+001
2.394252630338368e-002	1.615806e+001
2.401304511894680e-002	1.616020e+001
2.410019731948910e-002	1.616581e+001
2.419785356948910e-002	1.617678e+001
2.429550981948910e-002	1.619321e+001
2.439316606948910e-002	1.621463e+001
2.449082231948910e-002	1.623951e+001
2.458847856948910e-002	1.626592e+001
2.468613481948910e-002	1.629209e+001
2.478379106948911e-002	1.631667e+001
2.488144731948911e-002	1.633872e+001
2.497910356948911e-002	1.635772e+001
2.507675981948911e-002	1.637343e+001
2.517441606948911e-002	1.638586e+001
2.527207231948911e-002	1.639519e+001
2.536972856948911e-002	1.640173e+001
2.546738481948912e-002	1.640591e+001
2.556504106948912e-002	1.640819e+001
2.566269731948912e-002	1.640903e+001
2.576035356948912e-002	1.640886e+001
2.585800981948912e-002	1.640805e+001
2.592326912367558e-002	1.640727e+001
2.598170083666655e-002	1.640644e+001
2.603615717491273e-002	1.640562e+001
2.608708550514971e-002	1.640481e+001
2.613500744333979e-002	1.640403e+001
2.618060292520663e-002	1.640328e+001
2.622868546972515e-002	1.640247e+001
2.627215521442430e-002	1.640174e+001
2.631421694584397e-002	1.640103e+001
2.635524044144787e-002	1.640034e+001
2.639777748469092e-002	1.639962e+001
2.644822355000904e-002	1.639876e+001
2.650450017758317e-002	1.639781e+001
2.657412898770978e-002	1.639662e+001
2.666078684627119e-002	1.639515e+001
2.675844309627119e-002	1.639349e+001
2.685609934627119e-002	1.639183e+001
2.695375559627120e-002	1.639017e+001
2.705141184627120e-002	1.638852e+001
2.714906809627120e-002	1.638686e+001
2.724672434627120e-002	1.638520e+001
2.734438059627120e-002	1.638354e+001
2.744203684627120e-002	1.638188e+001
2.753969309627120e-002	1.638023e+001
2.763734934627121e-002	1.637857e+001
2.773500559627121e-002	1.637691e+001
2.783266184627121e-002	1.637525e+001
2.802797434627121e-002	1.637194e+001
2.822328684627121e-002	1.636863e+001
2.841859934627122e-002	1.636531e+001
2.871156809627122e-002	1.636035e+001
2.900453684627122e-002	1.635538e+001
2.933935827484266e-002	1.634971e+001
2.967417970341409e-002	1.634403e+001
3.000900113198552e-002	1.633836e+001
3.034382256055696e-002	1.633270e+001
3.067864398912839e-002	1.632703e+001
3.101346541769982e-002	1.632137e+001
3.134828684627126e-002	1.631570e+001
3.179471541769983e-002	1.630816e+001
3.224114398912841e-002	1.630062e+001
3.268757256055699e-002	1.629308e+001
3.313400113198557e-002	1.628554e+001
3.358042970341415e-002	1.627801e+001
3.402685827484273e-002	1.627048e+001
3.447328684627130e-002	1.626295e+001
3.483601006055702e-002	1.625684e+001
3.519873327484274e-002	1.625073e+001
3.556145648912846e-002	1.624463e+001
3.592417970341418e-002	1.623852e+001
3.628690291769990e-002	1.623242e+001
3.664962613198562e-002	1.622632e+001
3.701234934627134e-002	1.622022e+001
3.726346541769991e-002	1.621600e+001
3.751458148912849e-002	1.621178e+001
3.776569756055706e-002	1.620756e+001
3.801681363198564e-002	1.620335e+001
3.826792970341422e-002	1.619913e+001
3.851904577484279e-002	1.619491e+001
3.877016184627136e-002	1.619070e+001
3.886781809627136e-002	1.618906e+001
3.896547434627137e-002	1.618742e+001
3.906313059627137e-002	1.618579e+001
3.916078684627137e-002	1.618415e+001
3.925844309627137e-002	1.618251e+001
3.935609934627137e-002	1.618087e+001
3.945375559627137e-002	1.617924e+001
3.955141184627137e-002	1.617760e+001
3.964906809627138e-002	1.617596e+001
3.974672434627138e-002	1.617432e+001
3.984438059627138e-002	1.617269e+001
3.990377002776894e-002	1.617169e+001
3.995403437542210e-002	1.617085e+001
3.999454659676967e-002	1.617017e+001
4.003766324220340e-002	1.616945e+001
4.007835532232754e-002	1.616877e+001
4.012011431196104e-002	1.616808e+001
4.016228835420481e-002	1.616738e+001
4.020546181004155e-002	1.616667e+001
4.024978315308130e-002	1.616595e+001
4.029544900800926e-002	1.616523e+001
4.034269314066309e-002	1.616452e+001
4.039176733743102e-002	1.616385e+001
4.044304445952761e-002	1.616325e+001
4.049704715128102e-002	1.616282e+001
4.055465406567328e-002	1.616274e+001
4.061741724679641e-002	1.616337e+001
4.068863878035741e-002	1.616554e+001
4.077702645695367e-002	1.617124e+001
4.087468270695367e-002	1.618218e+001
4.097233895695367e-002	1.619849e+001
4.106999520695367e-002	1.621967e+001
4.116765145695368e-002	1.624419e+001
4.126530770695368e-002	1.627017e+001
4.136296395695368e-002	1.629587e+001
4.146062020695368e-002	1.631996e+001
4.155827645695368e-002	1.634152e+001
4.165593270695368e-002	1.636004e+001
4.175358895695368e-002	1.637532e+001
4.185124520695369e-002	1.638735e+001
4.194890145695369e-002	1.639632e+001
4.204655770695369e-002	1.640257e+001
4.214421395695369e-002	1.640651e+001
4.224187020695369e-002	1.640861e+001
4.233952645695369e-002	1.640931e+001
4.243718270695369e-002	1.640907e+001
4.252175554014519e-002	1.640835e+001
4.258659407043620e-002	1.640756e+001
4.264542569538648e-002	1.640673e+001
4.270001134789510e-002	1.640590e+001
4.275109282827720e-002	1.640510e+001
4.279915510292519e-002	1.640431e+001
4.284487292792926e-002	1.640356e+001
4.289310631833922e-002	1.640275e+001
4.293667545635212e-002	1.640202e+001
4.297882909723967e-002	1.640131e+001
4.302053825802168e-002	1.640060e+001
4.306395513117534e-002	1.639987e+001
4.311550697662495e-002	1.639899e+001
4.317331343528169e-002	1.639801e+001
4.324515467807120e-002	1.639679e+001
4.333536587328210e-002	1.639526e+001
4.343302212328210e-002	1.639360e+001
4.353067837328210e-002	1.639194e+001
4.362833462328210e-002	1.639028e+001
4.372599087328211e-002	1.638862e+001
4.382364712328211e-002	1.638697e+001
4.392130337328211e-002	1.638531e+001
4.401895962328211e-002	1.638365e+001
4.411661587328211e-002	1.638199e+001
4.421427212328211e-002	1.638033e+001
4.431192837328211e-002	1.637868e+001
4.440958462328212e-002	1.637702e+001
4.450724087328212e-002	1.637536e+001
4.470255337328212e-002	1.637205e+001
4.489786587328212e-002	1.636873e+001
4.509317837328213e-002	1.636542e+001
4.538614712328213e-002	1.636045e+001
4.567911587328213e-002	1.635549e+001
4.601393730185357e-002	1.634981e+001
4.634875873042500e-002	1.634414e+001
4.668358015899644e-002	1.633847e+001
4.701840158756787e-002	1.633280e+001
4.735322301613930e-002	1.632714e+001
4.768804444471073e-002	1.632147e+001
4.802286587328217e-002	1.631581e+001
4.846929444471074e-002	1.630827e+001
4.891572301613932e-002	1.630072e+001
4.936215158756790e-002	1.629318e+001
4.980858015899648e-002	1.628565e+001
5.025500873042506e-002	1.627812e+001
5.070143730185363e-002	1.627059e+001
5.114786587328221e-002	1.626306e+001
5.151058908756793e-002	1.625695e+001
5.187331230185365e-002	1.625084e+001
5.223603551613937e-002	1.624473e+001
5.259875873042509e-002	1.623863e+001
5.296148194471081e-002	1.623253e+001
5.332420515899653e-002	1.622643e+001
5.368692837328225e-002	1.622033e+001
5.393804444471082e-002	1.621611e+001
5.418916051613940e-002	1.621189e+001
5.444027658756797e-002	1.620767e+001
5.469139265899655e-002	1.620345e+001
5.494250873042512e-002	1.619924e+001
5.519362480185370e-002	1.619502e+001
5.544474087328227e-002	1.619081e+001
5.554239712328227e-002	1.618917e+001
5.564005337328228e-002	1.618753e+001
5.573770962328228e-002	1.618589e+001
5.583536587328228e-002	1.618426e+001
5.593302212328228e-002	1.618262e+001
5.603067837328228e-002	1.618098e+001
5.612833462328228e-002	1.617934e+001
5.622599087328228e-002	1.617771e+001
5.632364712328229e-002	1.617607e+001
5.642130337328229e-002	1.617443e+001
5.651895962328229e-002	1.617279e+001
5.661661587328229e-002	1.617116e+001
5.671427212328229e-002	1.616953e+001
5.677970602570844e-002	1.616844e+001
5.682331542406087e-002	1.616771e+001
5.687162541012790e-002	1.616692e+001
5.691572359726791e-002	1.616620e+001
5.696206721888345e-002	1.616548e+001
5.700932907734695e-002	1.616476e+001
5.705844064928794e-002	1.616409e+001
5.710975333074685e-002	1.616349e+001
5.716372966497703e-002	1.616306e+001
5.722136328572977e-002	1.616298e+001
5.728408225453151e-002	1.616360e+001
5.735531587551271e-002	1.616576e+001
5.744356053398081e-002	1.617143e+001
5.754121678398081e-002	1.618233e+001
5.763887303398081e-002	1.619861e+001
5.773652928398081e-002	1.621975e+001
5.783418553398081e-002	1.624424e+001
5.793184178398082e-002	1.627020e+001
5.802949803398082e-002	1.629589e+001
5.812715428398082e-002	1.631996e+001
5.822481053398082e-002	1.634152e+001
5.832246678398082e-002	1.636005e+001
5.842012303398082e-002	1.637532e+001
5.851777928398082e-002	1.638735e+001
5.861543553398083e-002	1.639633e+001
5.871309178398083e-002	1.640258e+001
5.881074803398083e-002	1.640652e+001
5.890840428398083e-002	1.640862e+001
5.900606053398083e-002	1.640933e+001
5.910371678398083e-002	1.640908e+001
5.918830607653730e-002	1.640836e+001
5.925318262698281e-002	1.640757e+001
5.931199727718832e-002	1.640675e+001
5.936661458229060e-002	1.640592e+001
5.941767541877172e-002	1.640511e+001
5.946576521269980e-002	1.640433e+001
5.951146377278555e-002	1.640357e+001
5.955969170133767e-002	1.640277e+001
5.960328510297186e-002	1.640203e+001
5.964542048169534e-002	1.640132e+001
5.968570092927601e-002	1.640064e+001
5.972482156605063e-002	1.639998e+001
5.976462004431998e-002	1.639930e+001
5.980660609603372e-002	1.639859e+001
5.985687880740962e-002	1.639774e+001
5.991409190432222e-002	1.639676e+001
5.998611096198540e-002	1.639554e+001
6.007840808904570e-002	1.639397e+001
6.017606433904570e-002	1.639231e+001
6.027372058904570e-002	1.639066e+001
6.037137683904571e-002	1.638900e+001
6.046903308904571e-002	1.638734e+001
6.056668933904571e-002	1.638568e+001
6.066434558904571e-002	1.638402e+001
6.076200183904571e-002	1.638236e+001
6.085965808904571e-002	1.638071e+001
6.095731433904571e-002	1.637905e+001
6.105497058904572e-002	1.637739e+001
6.115262683904572e-002	1.637573e+001
6.125028308904572e-002	1.637408e+001
6.144559558904572e-002	1.637076e+001
6.164090808904572e-002	1.636745e+001
6.193387683904573e-002	1.636248e+001
6.222684558904573e-002	1.635752e+001
6.251981433904573e-002	1.635255e+001
6.286858666047428e-002	1.634664e+001
6.321735898190284e-002	1.634073e+001
6.356613130333139e-002	1.633483e+001
6.391490362475993e-002	1.632893e+001
6.426367594618848e-002	1.632303e+001
6.461244826761704e-002	1.631713e+001
6.496122058904559e-002	1.631123e+001
6.540764916047413e-002	1.630369e+001
6.585407773190269e-002	1.629615e+001
6.630050630333123e-002	1.628861e+001
6.674693487475977e-002	1.628108e+001
6.719336344618831e-002	1.627354e+001
6.763979201761687e-002	1.626602e+001
6.808622058904541e-002	1.625850e+001
6.843499291047396e-002	1.625262e+001
6.878376523190252e-002	1.624675e+001
6.913253755333107e-002	1.624088e+001
6.948130987475962e-002	1.623501e+001
6.983008219618817e-002	1.622914e+001
7.017885451761673e-002	1.622328e+001
7.052762683904527e-002	1.621741e+001
7.076479201761669e-002	1.621343e+001
7.100195719618810e-002	1.620944e+001
7.123912237475952e-002	1.620546e+001
7.147628755333094e-002	1.620148e+001
7.171345273190236e-002	1.619750e+001
7.195061791047376e-002	1.619352e+001
7.218778308904518e-002	1.618954e+001
7.228543933904517e-002	1.618790e+001
7.238309558904517e-002	1.618626e+001
7.248075183904516e-002	1.618462e+001
7.257840808904516e-002	1.618299e+001
7.267606433904515e-002	1.618135e+001
7.277372058904515e-002	1.617971e+001
7.287137683904514e-002	1.617807e+001
7.296903308904514e-002	1.617644e+001
7.306668933904513e-002	1.617480e+001
7.316434558904512e-002	1.617316e+001
7.326200183904512e-002	1.617153e+001
7.335965808904511e-002	1.616989e+001
7.343129101006372e-002	1.616870e+001
7.347526804981135e-002	1.616797e+001
7.352379375339334e-002	1.616717e+001
7.356773303500119e-002	1.616645e+001
7.361362368537902e-002	1.616572e+001
7.366039806649044e-002	1.616500e+001
7.370887223026106e-002	1.616431e+001
7.375942867695938e-002	1.616368e+001
7.381243886643810e-002	1.616319e+001
7.386877461105219e-002	1.616296e+001
7.392956923196717e-002	1.616329e+001
7.399747971794400e-002	1.616480e+001
7.407845863696569e-002	1.616897e+001
7.417611488696568e-002	1.617823e+001
7.427377113696568e-002	1.619273e+001
7.437142738696567e-002	1.621242e+001
7.446908363696567e-002	1.623603e+001
7.456673988696566e-002	1.626171e+001
7.466439613696566e-002	1.628766e+001
7.476205238696565e-002	1.631237e+001
7.485970863696564e-002	1.633482e+001
7.495736488696564e-002	1.635437e+001
7.515267738696563e-002	1.638378e+001
7.525033363696562e-002	1.639372e+001
7.534798988696562e-002	1.640082e+001
7.544564613696561e-002	1.640546e+001
7.554330238696561e-002	1.640811e+001
7.564095863696560e-002	1.640922e+001
7.573861488696559e-002	1.640924e+001
7.583627113696559e-002	1.640855e+001
7.590337599589821e-002	1.640779e+001
7.596331394741376e-002	1.640697e+001
7.601903550282750e-002	1.640614e+001
7.607097863269735e-002	1.640532e+001
7.611980311667953e-002	1.640454e+001
7.616610580196613e-002	1.640377e+001
7.621509032639239e-002	1.640296e+001
7.625921245743578e-002	1.640222e+001
7.630179129457204e-002	1.640150e+001
7.634244930927883e-002	1.640081e+001
7.638187550303946e-002	1.640014e+001
7.642005212635072e-002	1.639950e+001
7.645735128916396e-002	1.639886e+001
7.649765646613782e-002	1.639818e+001
7.654116030302648e-002	1.639744e+001
7.659386208813730e-002	1.639655e+001
7.665557435949651e-002	1.639550e+001
7.673537468297907e-002	1.639414e+001
7.683303093297907e-002	1.639248e+001
7.693068718297906e-002	1.639082e+001
7.702834343297906e-002	1.638916e+001
7.712599968297905e-002	1.638751e+001
7.722365593297904e-002	1.638585e+001
7.732131218297904e-002	1.638419e+001
7.741896843297903e-002	1.638253e+001
7.751662468297903e-002	1.638087e+001
7.761428093297902e-002	1.637922e+001
7.771193718297902e-002	1.637756e+001
7.780959343297901e-002	1.637590e+001
7.790724968297901e-002	1.637424e+001
7.810256218297899e-002	1.637093e+001
7.829787468297898e-002	1.636762e+001
7.849318718297897e-002	1.636431e+001
7.878615593297896e-002	1.635934e+001
7.907912468297894e-002	1.635437e+001
7.941394611155035e-002	1.634870e+001
7.974876754012175e-002	1.634303e+001
8.008358896869317e-002	1.633736e+001
8.041841039726458e-002	1.633169e+001
8.075323182583599e-002	1.632602e+001
8.108805325440739e-002	1.632036e+001
8.142287468297881e-002	1.631470e+001
8.186930325440735e-002	1.630715e+001
8.231573182583590e-002	1.629961e+001
8.276216039726445e-002	1.629207e+001
8.320858896869299e-002	1.628454e+001
8.365501754012153e-002	1.627701e+001
8.410144611155009e-002	1.626948e+001
8.454787468297863e-002	1.626195e+001
8.491059789726432e-002	1.625584e+001
8.527332111155002e-002	1.624973e+001
8.563604432583571e-002	1.624362e+001
8.599876754012140e-002	1.623752e+001
8.636149075440709e-002	1.623142e+001
8.672421396869279e-002	1.622532e+001
8.708693718297848e-002	1.621922e+001
8.721249521869276e-002	1.621711e+001
8.733805325440704e-002	1.621500e+001
8.746361129012131e-002	1.621289e+001
8.758916932583560e-002	1.621078e+001
8.771472736154988e-002	1.620867e+001
8.784028539726416e-002	1.620656e+001
8.796584343297843e-002	1.620446e+001
8.806349968297843e-002	1.620282e+001
8.825881218297842e-002	1.619954e+001
8.845412468297841e-002	1.619626e+001
8.864943718297839e-002	1.619298e+001
8.874709343297839e-002	1.619134e+001
8.884474968297838e-002	1.618970e+001
8.894240593297838e-002	1.618806e+001
8.904006218297837e-002	1.618643e+001
8.913771843297837e-002	1.618479e+001
8.923537468297836e-002	1.618315e+001
8.933303093297836e-002	1.618151e+001
8.943068718297835e-002	1.617988e+001
8.952834343297834e-002	1.617824e+001
8.962599968297834e-002	1.617660e+001
8.972365593297833e-002	1.617496e+001
8.982131218297833e-002	1.617333e+001
8.991896843297832e-002	1.617169e+001
8.999897236861938e-002	1.617035e+001
9.006004253488453e-002	1.616933e+001
9.010179860841182e-002	1.616864e+001
9.014792744754441e-002	1.616787e+001
9.019054047964822e-002	1.616717e+001
9.023498689515992e-002	1.616644e+001
9.028020774158992e-002	1.616573e+001
9.032693484030942e-002	1.616501e+001
9.037539833546623e-002	1.616432e+001
9.042588633801950e-002	1.616369e+001
9.047893245932979e-002	1.616319e+001
9.053520217033254e-002	1.616296e+001
9.059603136721964e-002	1.616329e+001
9.066384371733753e-002	1.616479e+001
9.074483929777694e-002	1.616895e+001
9.084249554777693e-002	1.617820e+001
9.094015179777693e-002	1.619268e+001
9.103780804777692e-002	1.621236e+001
9.113546429777691e-002	1.623595e+001
9.123312054777691e-002	1.626164e+001
9.133077679777690e-002	1.628758e+001
9.142843304777690e-002	1.631230e+001
9.152608929777689e-002	1.633475e+001
9.162374554777689e-002	1.635431e+001
9.181905804777688e-002	1.638375e+001
9.191671429777687e-002	1.639370e+001
9.201437054777686e-002	1.640080e+001
9.211202679777686e-002	1.640545e+001
9.220968304777685e-002	1.640810e+001
9.230733929777685e-002	1.640922e+001
9.240499554777684e-002	1.640924e+001
9.250265179777684e-002	1.640855e+001
9.256972806890348e-002	1.640779e+001
9.262972711292297e-002	1.640697e+001
9.268542231993626e-002	1.640615e+001
9.273742691787994e-002	1.640533e+001
9.278622241094209e-002	1.640454e+001
9.283257637656071e-002	1.640378e+001
9.287666980218801e-002	1.640304e+001
9.292299306137186e-002	1.640227e+001
9.296534716271024e-002	1.640155e+001
9.300820489901354e-002	1.640083e+001
9.305277794280635e-002	1.640007e+001
9.310580361313095e-002	1.639917e+001
9.316544847020229e-002	1.639816e+001
9.323980937973662e-002	1.639690e+001
9.333383385218518e-002	1.639530e+001
9.343149010218517e-002	1.639364e+001
9.352914635218516e-002	1.639198e+001
9.362680260218516e-002	1.639032e+001
9.372445885218515e-002	1.638866e+001
9.382211510218515e-002	1.638701e+001
9.391977135218514e-002	1.638535e+001
9.401742760218514e-002	1.638369e+001
9.411508385218513e-002	1.638203e+001
9.421274010218513e-002	1.638037e+001
9.431039635218512e-002	1.637872e+001
9.440805260218511e-002	1.637706e+001
9.450570885218511e-002	1.637540e+001
9.470102135218510e-002	1.637209e+001
9.489633385218509e-002	1.636877e+001
9.509164635218508e-002	1.636546e+001
9.538461510218506e-002	1.636049e+001
9.567758385218504e-002	1.635553e+001
9.601240528075646e-002	1.634985e+001
9.634722670932785e-002	1.634418e+001
9.668204813789927e-002	1.633851e+001
9.701686956647068e-002	1.633284e+001
9.735169099504210e-002	1.632718e+001
9.768651242361350e-002	1.632151e+001
9.802133385218491e-002	1.631585e+001
9.828640081647061e-002	1.631137e+001
9.855146778075631e-002	1.630689e+001
9.881653474504201e-002	1.630241e+001
9.908160170932770e-002	1.629794e+001
9.934666867361340e-002	1.629346e+001
9.961173563789910e-002	1.628899e+001
9.987680260218480e-002	1.628451e+001
9.997445885218480e-002	1.628286e+001
1.000000000000000e-001	1.628243e+001
